Monthly Antarctic Sea Ice Areas (in square kilometers), Arranged Chronologically
 
Year  Month       Weddell         Indian         Western           Ross       Bellingshausen      Total
                   Sea             Ocean      Pacific Ocean         Sea      & Amundsen Seas
 
1978   11         4401496         1943272         1013542         2606369         1713376        11678055
1978   12         2898400          677130          564799         1534071         1289506         6963905
1979    1         1415880          249560          447033          504699          854871         3472042
1979    2          906523          120969          330710          132712          614354         2105267
1979    3         1298041          134269          382436          330077          516271         2661095
1979    4         2056430          426142          533972         1544506          887150         5448199
1979    5         3137818          863833          773451         2394562         1123943         8293607
1979    6         4547137         1520406          976029         2939278         1233740        11216590
1979    7         5271745         2090928         1068813         3350198         1466918        13248601
1979    8         5424529         2274747         1094327         3137926         1844975        13776504
1979    9         5499960         2651279         1291427         2859981         1975037        14277684
1979   10         5215253         2792430         1130202         2734480         1841010        13713376
1979   11         4764960         1808669          938609         2132100         1670415        11314752
1979   12         2921936          663822          533559          905180         1207719         6232216
1980    1         1401756          211856          322656          336682          807537         3080486
1980    2          867644           64750          181323          155700          576060         1845476
1980    3         1083079           88763          139193          280819          516730         2108583
1980    4         1700720          207493          281934          759661          725672         3675479
1980    5         2989356          721896          587123         1261284          872861         6432520
1980    6         4465012         1310087          843611         1865785         1090662         9575158
1980    7         5466182         1925663          950426         2420060         1410206        12172538
1980    8         6057042         2535435         1192129         2664737         1497433        13946776
1980    9         6284402         2860735         1209122         2984304         1517658        14856221
1980   10         5930944         2884102         1392423         3074280         1276590        14558339
1980   11         4905829         2135703          907457         2792169         1091521        11832679
1980   12         2647704          884635          596785         1523587          901344         6554055
1981    1          898353          261405          416716          672641          589822         2838937
1981    2          594143          120908          272283          316419          432327         1736080
1981    3          724011          143464          240531          661863          383564         2153433
1981    4         1318263          451047          423515         1295578          581978         4070381
1981    5         2632052          961735          646513         1876998          955306         7072604
1981    6         4241841         1516086          822499         2589833          986553        10156813
1981    7         5259739         2043425         1072272         3120140         1273074        12768650
1981    8         5757411         2417999         1026832         3352806         1591921        14146970
1981    9         5912084         2972523         1256665         3025319         1605364        14771956
1981   10         5656829         2997365         1261045         2897596         1610720        14423555
1981   11         4739153         2253720          978296         2632632         1461067        12064869
1981   12         2657533          790289          549912         1880463         1131759         7009957
1982    1         1051718          223999          284325          966061          722525         3248628
1982    2          756763          110118          184160          383705          423742         1858488
1982    3         1047136          140088          230664          873955          547341         2839184
1982    4         1758668          534933          622802         1885561          986201         5788165
1982    5         2700483         1020221          843439         2508525         1194519         8267186
1982    6         3771806         1545046         1040212         2837458         1297023        10491546
1982    7         4746688         2173922         1187989         2973784         1382574        12464956
1982    8         5187032         2718226         1709028         3157396         1503684        14275366
1982    9         5191824         2890588         1850802         3017823         1569317        14520352
1982   10         4864885         2884195         1620802         3085839         1280273        13735993
1982   11         4188567         1928205         1143217         2769929         1231401        11261318
1982   12         2635084          601091          547762         1593749          931547         6309233
1983    1         1415076          238557          323758          549494          677743         3204628
1983    2          930749           84774          181006          248513          458983         1904025
1983    3         1116129           88233          196740          658157          554464         2613723
1983    4         2025832          251698          460183         1358340          596523         4692575
1983    5         2884665          721642          807800         2066306          674217         7154629
1983    6         3757196         1472284          970172         2569395          993358         9762405
1983    7         4694603         2059186         1331722         3040687         1232080        12358278
1983    8         4758559         2685756         1587485         3358950         1437200        13827950
1983    9         5465256         2784181         1629700         3381748         1412482        14673367
1983   10         5077276         2743145         1572772         2992514         1522818        13908525
1983   11         4369241         2085573         1080510         2699281         1324713        11559318
1983   12         2703211         1057645          431784         1515445          991955         6700041
1984    1         1204691          375830          244333          484210          623187         2932251
1984    2          829373          152480          138339          220500          410359         1751050
1984    3         1053350          151996          165179          634192          338332         2343049
1984    4         1739567          479684          410991         1347484          547482         4525208
1984    5         2788069          892967          688582         2168899          869241         7407757
1984    6         4014067         1516363         1088658         2891576         1127756        10638420
1984    7         5152637         2224154         1304583         3382624         1308290        13372288
1984    8         5321292         2605135         1288789         3444732         1561598        14221545
1984    9         5336096         2634934         1267793         3408623         1611158        14258603
1984   10         5029927         2788573         1213272         2975130         1718306        13725209
1984   11         4618110         2367019          947734         2802754         1314138        12049755
1984   12         2878272          804373          539180         1772413          959373         6953611
1985    1         1048635          201613          341702          624465          655483         2871897
1985    2          690995          101735          193404          378800          468321         1833254
1985    3          814590          153692          179533          949219          439459         2536493
1985    4         1570411          403785          385152         1839302          540025         4738675
1985    5         2750867          908962          751699         2649921          772337         7833787
1985    6         4175078         1582107         1004664         2817041          920194        10499084
1985    7         4798497         2167211         1195722         2939948         1370928        12472306
1985    8         5266719         2623601         1330631         3324500         1687246        14232696
1985    9         5046369         2946124         1402957         3562166         1754859        14712475
1985   10         5165598         2825946         1339884         3348178         1678489        14358095
1985   11         4690722         2373849          800391         3030610         1440837        12336409
1985   12         2984599          986952          381911         1921475         1175672         7450609
1986    1         1181355          333108          188060          873432          849109         3425063
1986    2          707334          188412           83839          435956          579165         1994706
1986    3          781885          132927           63919          872230          526390         2377350
1986    4         1434846          321274          233844         1792911          772330         4555206
1986    5         2807295          594532          545638         2096576          991637         7035678
1986    6         3799212         1419533         1046289         1981477         1466856         9713367
1986    7         4438103         2039508         1239139         2499540         1869431        12085720
1986    8         4819934         2581861         1271115         2873222         1902833        13448966
1986    9         5063829         2648821         1257834         2907513         1988947        13866944
1986   10         4992728         2393738         1136695         2989388         1802505        13315053
1986   11         4156370         1634817          825638         2599982         1641852        10858658
1986   12         2635195          470558          456755         1711220         1210741         6484469
1987    1         1238209          189243          285705          880636          710627         3304420
1987    2          819659           61651          162758          480273          472687         1997028
1987    3          947455           79539          151638          934413          631711         2744756
1987    4         1479030          308561          337862         1851980         1063495         5040929
1987    5         2702122          717336          650345         2403848         1055750         7529402
1987    6         3964062         1186142          911811         2537964         1303601         9903579
1987    7         4959767         1962992          961310         2872172         1733625        12489866
1987    8         5694713         2497357         1305500         2951402         1568931        14017903
1987    9         5724109         2745497         1263899         3009518         1518403        14261426
1987   10         5586396         2713296         1069564         2956423         1376400        13702079
1987   11         4514982         1787069          751661         2985650         1180368        11219730
1987   12         2638680          636868          445437         1902294          943090         6566369
1988    1          957601          164346          367241          960633          585017         3034839
1988    2          679995           56024          258330          493205          411413         1898967
1988    3          823033           49923          309027          914623          491357         2587963
1988    4         1457288          308792          499797         1577349          589593         4432819
1988    5         2533470          763046          730595         2373987          822425         7223524
1988    6         3944828         1300092          996403         3004740         1025853        10271916
1988    7         5233816         1982979         1205480         3096650         1088938        12607864
1988    8         5732366         2514087         1374163         3093836         1253663        13968116
1988    9         5792235         2781630         1286690         3146446         1182214        14189214
1988   10         5720003         2733035         1195713         3534993         1221359        14405104
1988   11         5273978         2062242          885995         3066556          996799        12285570
1988   12         3253394         1021246          516629         1787104          819636         7398009
1989    1         1213737          249593          350223          807101          547887         3168541
1989    2          843790          121649          221105          496682          341164         2024389
1989    3          825431          238967          336096          869612          315316         2585422
1989    4         1608057          609317          557025         1375590          342981         4492971
1989    5         2909477         1328976          813195         2282324          660177         7994149
1989    6         3702762         2005437         1048739         2914407         1136413        10807757
1989    7         4575722         2454131         1118864         3110874         1310313        12569904
1989    8         5456124         2828927         1049975         3338369         1349565        14022960
1989    9         5435890         3263282          864807         3333436         1569825        14467240
1989   10         5023656         3130292          807923         3322454         1552802        13837127
1989   11         4263957         2324618          743447         2658288         1421462        11411774
1989   12         2653358         1044559          432555         1684455          884953         6699879
1990    1         1377548          451506          306204          677499          572933         3385689
1990    2         1068906          236316          186407          335957          376316         2203902
1990    3         1198081          191504          262048          773906          366121         2791661
1990    4         1815071          493108          535057         1818416          515504         5177156
1990    5         2621735          898228          784075         2386209          768111         7458357
1990    6         3817364         1482811         1069887         2666671         1310412        10347144
1990    7         4556575         1834904         1202238         3044544         1621452        12259713
1990    8         5137315         2482611         1375612         3211194         1818226        14024957
1990    9         5031304         3007885         1384242         3181921         1776782        14382134
1990   10         4710241         2570842         1423779         3291102         1793095        13789059
1990   11         3944778         1872131         1020075         2837428         1663334        11337746
1990   12         2628264          738002          585823         1810428          963112         6725628
1991    1         1683150          261748          411533          783120          374915         3514467
1991    2         1321378          115833          273874          238569          139841         2089496
1991    3         1556382          128444          281349          505652          180758         2652585
1991    4         2289407          340176          423654         1689255          435533         5178026
1991    5         3227792          796942          721607         2085451         1018656         7850448
1991    6         4056955         1294252          878731         2326135         1423494         9979567
1991    7         4902512         1780406         1082345         3011422         1433712        12210397
1991    8         5586015         2267521         1312252         3104362         1772215        14042365
1991    9         5708850         2629513         1385838         3124558         1613448        14462207
1991   10         5646727         2620662         1190839         2881138         1454784        13794149
1991   11         4798466         1903591          887424         2655377         1205220        11450079
1991   12         3341927          730870          561827         1484366          674190         6793181
1992    1         1667031          229200          425040          596065          315948         3233283
1992    2         1043596           96115          298559          274278          141854         1854403
1992    3         1470137          102590          313046          388881          190423         2465076
1992    4         2369430          404682          504344         1254270          461073         4993800
1992    5         3326682          801965          804555         1979700          704214         7617116
1992    6         4506732         1234303          955100         2232706         1068726         9997566
1992    7         5658253         1896581         1102346         2698215         1213406        12568801
1992    8         6073272         2456275         1305124         3097385         1231399        14163454
1992    9         5579582         2811852         1209212         3101184         1423056        14124885
1992   10         5281018         2951412         1159932         3154809         1298741        13845913
1992   11         4280332         2128442          836640         2768162         1178846        11192422
1992   12         2397921          876264          436912         1690994          771256         6173348
1993    1          964439          276519          274483          581841          448479         2545761
1993    2          641823          113056          174080          199519          243126         1371604
1993    3          976947          138692          208828          636886          274755         2236108
1993    4         1906621          466467          415010         1542616          565840         4896555
1993    5         2932293         1075245          761306         2160819          950783         7880446
1993    6         3870801         1753070         1192313         2335221         1211344        10362749
1993    7         4956118         2353807         1193683         2909210         1300359        12713177
1993    8         5333581         2800642         1351535         2961815         1478439        13926012
1993    9         5504531         3040854         1427374         3176088         1546374        14695220
1993   10         5182073         2881878         1526134         3043033         1529866        14162984
1993   11         4586200         2266144         1013099         2685655         1273483        11824581
1993   12         2855098          734498          598458         1593086          885627         6666768
1994    1         1525127          289474          414564          625651          515357         3370173
1994    2         1142813          153936          303468          294482          328746         2223446
1994    3         1523007          123660          357147          828923          364547         3197284
1994    4         2417313          357649          668164         1620586          387739         5451451
1994    5         3361450          891619         1029820         2271378          648514         8202780
1994    6         4367408         1331740         1065776         2745399         1216563        10726886
1994    7         5431669         1902474         1210461         2929499         1639164        13113269
1994    8         5564749         2492324         1413885         3336406         1671225        14478589
1994    9         5203923         2931488         1490003         3253044         1725562        14604020
1994   10         5144737         2902274         1160396         3120810         1730467        14058685
1994   11         4752117         1974182         1026212         2771967         1248945        11773424
1994   12         3040268          737273          686378         1767433          876293         7107645
1995    1         1651252          300535          504880          766658          504333         3727657
1995    2         1032539          157211          354544          444898          196631         2185824
1995    3         1268389          233665          387757          766908          352232         3008951
1995    4         2206105          464192          573300         1497559          659820         5400976
1995    5         3315360          910425          895310         2152646          910083         8183823
1995    6         4087721         1601906          970733         2552484         1235853        10448696
1995    7         5128729         1898394         1118663         2719701         1655672        12521159
1995    8         5746115         2509292         1205752         3072098         1661241        14194498
1995    9         5680591         2814131         1282795         3021479         1653702        14452697
1995   10         5021541         2642208         1266824         3191527         1441767        13563868
1995   11         4455967         1799336          984632         3006811         1232548        11479293
1995   12         2883132          714434          620025         2111520          857102         7186213
1996    1         1433330          234200          441235          904733          531781         3545279
1996    2          767058           74660          303132          298650          322877         1766377
1996    3          898526          126246          330504          910714          381340         2647330
1996    4         1840188          458755          502010         2064763          495769         5361486
1996    5         3172017         1058115          876881         2724928          817287         8649228
1996    6         4351989         1381593         1179383         2844282         1325728        11082974
1996    7         4990123         1876703         1171603         3420380         1420048        12878858
1996    8         5213458         2333982         1268704         3414181         1656355        13886680
1996    9         5410591         2389893         1347835         3674660         1711094        14534073
1996   10         4989801         2308151         1378331         3538367         1715487        13930136
1996   11         4110904         1687314          928248         2989134         1516466        11232067
1996   12         2324931          638409          572602         1897631          801708         6235281
1997    1         1212436          230959          427862          525913          370556         2767726
1997    2         1002021           85840          289945          193244          145535         1716585
1997    3         1221563          124847          314291          470254          164454         2295410
1997    4         1792929          397756          585248         1420349          636046         4832328
1997    5         2784569          852693          953924         2329738          984484         7905408
1997    6         4023311         1313010          966116         2831799         1074673        10208910
1997    7         4928835         1921610         1259175         3092355         1539158        12741133
1997    8         5457721         2335176         1415942         3057562         1811367        14077768
1997    9         5453291         2747219         1377239         3222512         1780079        14580340
1997   10         5630706         2704345         1303492         3324776         1148660        14111980
1997   11         4978737         2008063          894793         2688279         1014863        11584735
1997   12         3134763          691556          585445         1800513          774135         6986413
1998    1         1061285          167757          439305          842406          526947         3037701
1998    2          608302           86177          282606          564477          324971         1866532
1998    3          818102          182948          330057         1004250          367706         2703062
1998    4         1635091          533211          589225         1759906          599467         5116899
1998    5         2957238         1104542          754030         2311618          778516         7905944
1998    6         4180828         1539129          974942         2903641          734077        10332616
1998    7         4729634         2079710         1348646         3307893         1182906        12648790
1998    8         5157891         2544505         1388452         3619633         1340815        14051296
1998    9         5404103         2695523         1498151         3693096         1542067        14832940
1998   10         5204641         2878539         1446630         3725473         1276326        14531609
1998   11         4063698         2202469          936939         3406356         1261509        11870971
1998   12         2049471          939362          560347         2378254          869785         6797218
1999    1          927588          263920          420669         1106613          386708         3105497
1999    2          644985          109840          317307          493044          207327         1772502
1999    3          748982          162939          363413         1062982          236205         2574522
1999    4         1336423          551419          651872         2019784          566829         5126327
1999    5         2400217         1009479         1010976         2646595         1001129         8068396
1999    6         3728225         1415051         1220307         3152576         1304045        10820205
1999    7         4602687         2213901         1479478         3390388         1368490        13054945
1999    8         4847743         2734801         1463738         3470424         1713378        14230084
1999    9         5281304         2847813         1459506         3471534         1546312        14606468
1999   10         4826946         2912881         1370065         3770396         1345451        14225739
1999   11         4138040         2087140          849705         3214968         1213517        11503371
1999   12         2315427          996544          369368         2065252         1050867         6797458
2000    1          960621          335140          190382          759332          673478         2918953
2000    2          805568          172416          146184          291116          302338         1717623
2000    3         1163281          256178          253710          702847          287209         2663225
2000    4         1878037          507498          601366         1643502          672396         5302799
2000    5         3006507         1144086         1011397         2403109          991260         8556360
2000    6         4052854         1484542         1298668         2946471         1247564        11030098
2000    7         5105060         2026853         1260665         3356617         1230210        12979405
2000    8         5432716         2624380         1373681         3599255         1599727        14629759
2000    9         5773498         2787531         1064008         3655294         1781199        15061530
2000   10         5394404         2733949         1209655         3337066         1575103        14250177
2000   11         4592172         2096696          839834         2950254         1321229        11800185
2000   12         2919768          716037          551337         1777643          984923         6949708
2001    1         1483140          221067          475979          820317          634854         3635357
2001    2         1003531           99826          355003          584362          400467         2443189
2001    3         1393307          115812          354053         1107243          383386         3353802
2001    4         2190542          425907          520304         1665794          493150         5295697
2001    5         3232051          924181          727432         2477983          633783         7995430
2001    6         4163813         1523787         1010119         2844654         1007112        10549486
2001    7         4853633         2179638         1136988         3125258         1273122        12568640
2001    8         5098011         2643741         1274271         3178593         1549989        13744606
2001    9         5155255         2846307         1311945         3304044         1732974        14350524
2001   10         4819805         2641020         1243762         3171938         1457320        13333845
2001   11         3795072         2060051          835620         2827248         1471624        10989614
2001   12         2199507          905523          394879         1968826          881468         6350202
2002    1         1176113          311518          173878          826200          460243         2947951
2002    2          984859          160512           73182          343716          252902         1815171
2002    3         1156666          188584           76262          642806          297129         2361446
2002    4         1776551          449605          320722         1472400          563056         4582333
2002    5         2663170          803846          735473         2183961          784469         7170919
2002    6         3747239         1205002          889900         2471305         1376146         9689592
2002    7         4830392         1918155          963195         3074714         1721837        12508294
2002    8         5285697         2427703         1097578         3330371         1589300        13730649
2002    9         5476554         2827259         1229725         3342683         1218710        14094932
2002   10         5481521         2629559         1292947         3157046         1250418        13811491
2002   11         5221452         1714417          900548         2595436         1227444        11659298
2002   12         3821760          674871          552911         1819838          736191         7605571
2003    1         2145052          208090          364851         1043678          349436         4111106
2003    2         1404214           95111          278942          699474          179293         2657033
2003    3         1562798           51257          309380         1125492          187315         3236241
2003    4         2549168          282231          538195         1899811          285388         5554794
2003    5         3467513          793281          880760         2574451          730553         8446558
2003    6         4823018         1215777         1178011         2901823         1032355        11150985
2003    7         5365483         1889463         1296603         3292432         1313166        13157147
2003    8         5317991         2391705         1368634         3182769         1500999        13762097
2003    9         5358910         2836216         1419840         2817389         1701071        14133426
2003   10         4960058         3015919         1413476         2799243         1675962        13864658
2003   11         4358225         2204635          925029         2488587         1481123        11457599
2003   12         3126598          847002          575934         1675990          973109         7198634
2004    1         1811562          209946          416446          839836          520127         3797917
2004    2         1262623           53674          276278          512562          254054         2359192
2004    3         1516772           90284          279463          937570          338184         3162273
2004    4         2306038          425406          468674         1619015          571897         5391028
2004    5         3228141          853140          734882         2467038          897538         8180739
2004    6         4569711         1495174          901681         2734721         1182030        10883316
2004    7         5365038         2346834         1063742         2917115         1456153        13148881
2004    8         5626538         2934258         1141001         2844284         1677978        14224060
2004    9         5315066         3312317         1159019         2922791         1872048        14581242
2004   10         4889756         3201981         1087320         3117543         1817088        14113689
2004   11         4497942         2238980          856973         2703779         1442347        11740022
2004   12         2784180          876112          560772         1638893         1064845         6924801
2005    1         1263324          308854          427121          518780          658227         3176307
2005    2          945955          150504          263753          205017          401706         1966934
2005    3         1025222          147363          297021          757916          505306         2732829
2005    4         1456466          435900          555325         2020622          719574         5187887
2005    5         2653742          928063          885433         2377718         1106963         7951919
2005    6         3997159         1310842         1103914         2524475         1368985        10305375
2005    7         5067282         1935723         1370336         2961192         1377650        12712184
2005    8         5454093         2512029         1522034         2835391         1619842        13943388
2005    9         5883505         2862741         1563386         3348084         1185000        14842716
2005   10         5467872         2804410         1252045         3352529         1150563        14027419
2005   11         4732493         2294190          871558         2909778          988262        11796281
2005   12         2619608          828939          565069         1618136          696792         6328545
2006    1         1082361          236543          442670          528647          514743         2804965
2006    2          851124           48957          301549          200126          354570         1756326
2006    3          786460           97926          294671          489091          343805         2011953
2006    4         1337045          358776          446986         1591298          541227         4275331
2006    5         2570776          928427          713012         2136822          845727         7194764
2006    6         4252171         1717233          987271         2592932         1022413        10572021
2006    7         4876639         2690251         1224557         2784918         1296618        12872983
2006    8         5579647         3048714         1272592         3473906         1157477        14532336
2006    9         5682024         3236717         1455729         3383156         1413052        15170677
2006   10         5514753         3123535         1431169         3391817         1208734        14670008
2006   11         4309621         2322833          982682         2927265         1059351        11601752
2006   12         2614292          898596          470765         1815201          679745         6478599
2007    1         1184245          382708          302849          688686          440882         2999370
2007    2          941567          204872          220092          315780          256402         1938713
2007    3         1130111          252836          231837          686254          239720         2540757
2007    4         1779341          519451          417842         1557910          419128         4693672
2007    5         3035100          813226          767384         2476924          447165         7539799
2007    6         4136441         1476079         1143024         2944198          773187        10472930
2007    7         5284488         1928420         1131440         3134770         1127578        12606696
2007    8         5595941         2334418         1228473         3434021         1431953        14024806
2007    9         6098644         2794158         1372033         3894780         1220640        15380255
2007   10         5486750         2731118         1349387         3780830         1230046        14578130
2007   11         4850027         1907083          950905         3312215         1132486        12152716
2007   12         3809429          869143          625851         2378249          695818         8378489
2008    1         1792342          398550          452224         1088326          336715         4068157
2008    2         1201376          246594          325195          515774          109205         2398145
2008    3         1663282          344157          397594         1141893          126742         3673668
2008    4         2558077          624161          620296         2032887          394122         6229544
2008    5         3408742         1051562          807273         2582488          741380         8591445
2008    6         4396074         1788514         1066651         3145506          997099        11393843
2008    7         4902511         2177872         1211816         3287422         1357640        12937261
2008    8         5290856         2623437         1177680         3371796         1656305        14120074
2008    9         5582553         2599974         1267947         3432464         1500772        14383710
2008   10         5285172         2774160         1331635         3416953         1305277        14113196
2008   11         4571614         2248771          979673         3126352         1071610        11998020
2008   12         3116763          880521          582236         2122270          678976         7380766
2009    1         1530116          334161          399265          878925          353921         3496389
2009    2         1099066          162557          268349          276254          162583         1968808
2009    3         1482201          137138          262697          932921          198252         3013209
2009    4         2424664          464516          551362         2113027          404699         5958268
2009    5         3171182         1030089          727236         2657722          871728         8457957
2009    6         4083773         1637832          887165         3205855         1271594        11086219
2009    7         4883629         2175398         1016067         3478265         1529575        13082935
2009    8         5631212         2678612         1227969         3387017         1517678        14442487
2009    9         5769712         2811194         1289202         3480822         1723287        15074218
2009   10         5023238         2867814         1211009         3514440         1723842        14340343
2009   11         4335718         2228617         1013585         2732654         1485446        11796021
2009   12         3031968          968999          655547         1705411          723800         7085726
2010    1         1639626          255781          469380          722725          244036         3331548
2010    2         1244404          107341          337301          345254           72323         2106622
2010    3         1516533           94319          314612          695904           40779         2662146
2010    4         2121010          391421          587033         1587464          314315         5001244
2010    5         3172166         1036784          835461         2466484          818457         8329353
2010    6         4278851         1973977          917143         3143817         1326149        11639938
2010    7         4934158         2708119         1086342         3369026         1633097        13730742
2010    8         5243846         3075199         1159665         3620331         1841192        14940235
2010    9         5193323         3017033         1126593         3304254         1780292        14421496
2010   10         4810680         3330337         1173469         3431486         1659467        14405439
2010   11         3857787         2613121          732619         3036018         1673870        11913414
2010   12         2060880         1438127          383700         1915872         1138648         6937227
2011    1         1181258          503145          238633          593358          529721         3046116
2011    2          995309          258972          163172          119942          319103         1856498
2011    3         1153618          328023          213708          229072          329460         2253881
2011    4         1766355          572873          452612         1064113          533482         4389435
2011    5         2674520         1095569          819920         2272265          980399         7842673
2011    6         3714786         1433032         1202683         2926288         1260633        10537422
2011    7         4407856         1902792         1360034         3032857         1631872        12335412
2011    8         5243243         2433195         1396666         3398042         1561401        14032547
2011    9         5443831         2774415         1426873         3280299         1632942        14558360
2011   10         5245470         2937658         1325166         3321948         1386604        14216845
2011   11         4676593         1787833         1071623         3070889         1152546        11759483
2011   12         3535121          744935          579422         1722107          815804         7397389
2012    1         1834199          270245          342725          703506          559489         3710163
2012    2         1168450          127971          218900          321067          353068         2189456
2012    3         1419593          171089          301020          678611          336852         2907165
2012    4         2505260          486523          565078         1574007          416141         5547008
2012    5         3515191          966910          802994         2296647          563465         8145208
2012    6         4300154         1682170         1132854         2609376         1054583        10779137
2012    7         5098982         2200164         1364964         3165155         1468293        13297559
2012    8         5386753         2741595         1401452         3240193         1777209        14547203
2012    9         5714785         3024194         1604976         3386920         1666847        15397723
2012   10         5317236         2888824         1476857         3188437         1570483        14441837
2012   11         4571074         2049843         1057097         2855504         1528813        12062331
2012   12         3174156          696467          797171         1876293          827945         7372032
2013    1         1802153          182042          670433          911493          374864         3940984
2013    2         1291950           59067          514206          552927          159464         2577614
2013    3         1543569          129030          561788         1144367          106867         3485622
2013    4         2148321          475673          826156         1962551          336049         5748750
2013    5         3166089          996245          983024         2605236          730525         8481118
2013    6         3811747         1749861         1173468         3176863         1347995        11259935
2013    7         4581368         2265682         1391848         3710544         1774272        13723713
2013    8         5191457         2808795         1569413         3557787         1995637        15123089
2013    9         5471944         3061042         1437567         3400457         1895670        15266681
2013   10         5423289         3034896         1542758         3461077         1658170        15120191
2013   11         4584314         2256749         1253087         2878627         1787743        12760519
2013   12         3419880         1058281          763309         1956240         1140869         8338579
2014    1         2245467          479100          502443          731826          415882         4374718
2014    2         1672527          271314          386612          203052          115912         2649416
2014    3         1773524          293291          405594          592259          252918         3317586
2014    4         2721926          576737          703661         1833246          568695         6404266
2014    5         3618266          927121          951584         2619733          907158         9023863
2014    6         4685649         1594279         1351789         3150196         1268310        12050222
2014    7         5061386         2362990         1398358         3366183         1757479        13946395
2014    8         5479083         2925143         1570648         3224247         1891543        15090665
2014    9         5762921         3164255         1583507         3734619         1495023        15740325
2014   10         5349018         3132111         1417657         3492246         1433846        14824878
2014   11         4631260         2061926          959892         3232574         1368180        12253831
2014   12         3466382          850593          621560         2384191          877186         8199911
2015    1         2198258          347761          462947          935261          388701         4332927
2015    2         1546102          155248          329895          281604          224559         2537409
2015    3         1865289          213827          331575          810779          224510         3445980
2015    4         2666069          639730          614381         2002531          442856         6365567
2015    5         3656514         1054275          951774         2777224          763939         9203726
2015    6         4440509         1542345         1106657         3041786         1340538        11471835
2015    7         4991391         2131234         1193024         3243133         1884552        13443334
2015    8         5398073         2303184         1225883         2975893         2109706        14012740
2015    9         5461536         2754576         1224778         2941562         2061857        14444308
2015   10         5462943         2635031         1443514         3121307         1689808        14352603
2015   11         4847735         1933225          981608         2760481         1366410        11889458
2015   12         3266882          525308          595234         1658731         1039767         7085922
2016    1         1575584          159799          394289          418344          476785         3024802
2016    2         1108161           67827          248449          182692          246923         1854053
2016    3         1326287          162439          321428          694870          266828         2771852
2016    4         1950153          552260          640170         1585128          645915         5373626
2016    5         3205122          917172          827733         2278107          679610         7907744
2016    6         4306923         1352911         1075660         2953340          912252        10601086
2016    7         5063922         1854104         1360681         2946058         1315182        12539947
2016    8         5584191         2219022         1384188         3350061         1429524        13966986
2016    9         5421376         2554359         1297206         3205551         1371391        13849884
2016   10         4973964         2389942         1133168         3192772         1237663        12927510
2016   11         3821182         1521560          809254         2625831         1054065         9831892
2016   12         1992773          562985          666622         1660629          627166         5510175
2017    1         1085800          227327          513855          369736          365826         2562544
2017    2          934043          104763          379185           34059          188573         1640623
2017    3         1141215           92999          333628          152594          110905         1831341
2017    4         1859095          422931          509467          916261          214927         3922681
2017    5         2930666          823870          769207         1936145          367584         6827472
2017    6         4032226         1423760         1063086         2597736          674650         9791459
2017    7         4836089         1917161         1294540         2817912         1408433        12274135
2017    8         5190709         2342564         1510193         2877060         1690384        13610910
2017    9         4915245         2694266         1381838         2882519         2039714        13913582
2017   10         4484537         2658169         1456521         2877951         1967062        13444240
2017   11         3788623         1806951          987858         2758367         1558149        10899947
2017   12         2119373          676507          508583         1865396         1057813         6227672
